1
2
3
5
6
7
8
9
13
16
17
18
19
20
21
22
23
24
25
26
27
30
31
32
33
34
35
36
37
40
41
42
43
44
45
46
47
48
49
50
51
52
53
54
55
56
57
58
59
60
62
63
64
65
66
67
68
69
70
71
72
73
74
75
76
77
78
79
80
81
82
83
84
85
86
87
88
89
90
91
93
95
96
97
99
101
102
103
104
105
106
107
108
109
110
111
112
113
114
115
116
117
118
119
120
121
125
126
127
128
129
130
131
132
133
134
135
136
137
138
139
140
141
142
143
144
145
146
147
148
149
150
154
155
156
157
158
159
160
161
162
163
164
165
166
170
171
172
173
179
181
182
184
185
186
187
188
189
190
191
192
193
194
195
196
197
198
204
211
212
213
214
216
217
218
219
220
221
222
223
224
225
226
227
228
229
230
231
232
233
234
235
236
237
241
242
243
244
245
246
249
250
254
255
256
258
260
265
266
267
270
271
272
273
274
275
276
277
278
279
280
281
282
283
284
289
290
291
292
293
294
295
296
297
298
305
306
307
308
309
310
311
320
321
322
323
326
327
333
334
335
338
340
341
342
343
345
346
347
348
349
350
351
352
353
354
355
356
357
358
359
360
361
363
364
365
366
367
368
372
374
375
376
377
382
394
396
397
398
399
400
401
402
403
404
405
406
410
414
415
416
421
422
423
424
425
426
427
428
429
430
431
432
433
434
435
436
437
440
441
442
444
447
448
449
450
453
454
456
457
460
461
462
463
465
466
467
468
470
472
473
475
476
477
481
488
489
490
491
492
493
494
495
496
497
498
499
500
501
502
503
504
511
520
521
528
530
531
532
534
535
536
537
538
539
542
543
544
545
546
547
548
549
550
551
552
553
554
555
556
557
558
562
563
564
565
567
568
570
571
572
573
576
577
579
580
581
