460 
280 
131 
276 
279 
278 
560 
281 
364 
290 
279 
289 
15 
295 
106 
290 
163 
275 
296 
179 
383 
428 
273 
383 
305 
275 
161 
269 
310 
309 
179 
308 
307 
327 
307 
530 
180 
133 
180 
180 
340 
333 
424 
338 
161 
374 
96 
469 
177 
457 
321 
404 
144 
158 
157 
127 
23 
462 
241 
277 
158 
16 
144 
321 
481 
347 
142 
130 
167 
20 
520 
242 
481 
375 
24 
479 
454 
485 
143 
23 
30 
423 
479 
528 
320 
349 
477 
158 
22 
432 
367 
160 
477 
384 
168 
156 
274 
102 
159 
168 
204 
135 
380 
250 
375 
162 
304 
420 
71 
68 
66 
449 
379 
9 
64 
379 
155 
108 
397 
388 
396 
31 
3 
181 
33 
420 
171 
35 
277 
399 
381 
399 
405 
47 
569 
381 
68 
381 
243 
338 
400 
1 
7 
175 
30 
403 
204 
403 
31 
402 
110 
69 
62 
402 
66 
72 
64 
75 
77 
382 
337 
128 
93 
322 
74 
101 
67 
101 
382 
73 
81 
71 
3 
28 
14 
270 
186 
196 
277 
274 
194 
177 
225 
376 
178 
326 
183 
107 
364 
265 
221 
354 
18 
536 
341 
99 
174 
266 
292 
484 
193 
429 
214 
484 
499 
475 
167 
478 
325 
96 
377 
217 
182 
570 
268 
546 
272 
478 
188 
326 
135 
292 
192 
166 
98 
271 
350 
173 
196 
98 
109 
7 
293 
106 
17 
567 
94 
2 
56 
566 
94 
52 
169 
359 
20 
54 
327 
11 
20 
114 
350 
1 
297 
327 
361 
384 
2 
297 
18 
248 
313 
475 
384 
109 
482 
2 
475 
368 
150 
373 
57 
86 
5 
542 
50 
49 
96 
373 
318 
328 
51 
51 
324 
58 
554 
358 
351 
380 
4 
49 
222 
324 
104 
320 
7 
323 
253 
62 
183 
101 
60 
326 
320 
54 
12 
65 
375 
97 
181 
353 
346 
44 
95 
93 
97 
165 
4 
357 
42 
43 
43 
179 
173 
3 
39 
6 
348 
19 
5 
179 
501 
460 
7 
150 
6 
173 
561 
100 
13 
126 
380 
105 
168 
485 
322 
387 
172 
177 
113 
175 
117 
117 
8 
104 
540 
176 
324 
14 
458 
484 
48 
458 
510 
115 
346 
321 
388 
432 
565 
105 
343 
365 
345 
125 
473 
378 
103 
562 
453 
572 
113 
11 
189 
541 
201 
209 
539 
189 
118 
182 
178 
447 
526 
374 
264 
482 
344 
119 
378 
538 
203 
118 
445 
542 
178 
456 
148 
132 
480 
129 
578 
258 
255 
257 
186 
157 
191 
378 
93 
116 
205 
374 
552 
395 
200 
427 
428 
138 
112 
284 
511 
493 
528 
102 
116 
128 
550 
167 
478 
220 
95 
536 
393 
581 
483 
106 
394 
537 
250 
185 
249 
385 
282 
255 
466 
468 
84 
480 
471 
176 
465 
568 
568 
78 
175 
210 
377 
198 
52 
185 
557 
349 
88 
212 
323 
466 
480 
89 
233 
184 
236 
543 
534 
146 
86 
178 
127 
236 
476 
557 
105 
396 
478 
334 
140 
111 
323 
88 
544 
292 
100 
496 
489 
228 
425 
175 
495 
455 
14 
182 
490 
176 
32 
386 
492 
87 
354 
575 
498 
373 
141 
356 
501 
1 
494 
493 
487 
440 
579 
356 
269 
479 
495 
216 
424 
8 
337 
373 
487 
180 
181 
442 
427 
213 
407 
242 
573 
160 
488 
417 
444 
577 
580 
5 
321 
440 
211 
100 
438 
481 
220 
497 
407 
426 
386 
558 
63 
211 
360 
444 
130 
2 
550 
21 
531 
386 
99 
69 
332 
374 
385 
534 
549 
357 
429 
379 
353 
548 
214 
174 
482 
485 
18 
425 
174 
491 
372 
486 
549 
576 
491 
494 
172 
481 
281 
223 
139 
90 
139 
417 
97 
170 
1 
10 
145 
16 
3 
82 
212 
83 
82 
12 
241 
231 
223 
171 
174 
351 
230 
359 
235 
13 
449 
471 
434 
95 
532 
231 
476 
573 
24 
170 
29 
46 
256 
431 
412 
234 
114 
12 
400 
215 
171 
415 
19 
497 
218 
535 
551 
133 
475 
416 
173 
172 
244 
500 
96 
563 
385 
546 
166 
352 
372 
232 
147 
171 
17 
142 
477 
375 
563 
13 
227 
262 
376 
545 
8 
8 
15 
476 
94 
76 
551 
36 
36 
10 
11 
502 
9 
492 
16 
38 
84 
170 
41 
38 
38 
229 
224 
553 
232 
4 
17 
532 
18 
26 
17 
7 
57 
79 
170 
35 
134 
172 
21 
195 
45 
502 
4 
569 
554 
28 
