32.6956 
126.8027 
17.4642 
34.3984 
22.5000 
38.7284 
36.8098 
28.5063 
33.5261 
32.1184 
14.8661 
29.1224 
52.0109 
30.5000 
19.3631 
22.1172 
28.2843 
26.9539 
96.5563 
34.2381 
4.7170 
55.4734 
57.8139 
26.4197 
42.3199 
15.0000 
17.2409 
7.7720 
7.2111 
10.1022 
14.9832 
8.0000 
9.7170 
12.6590 
36.2740 
26.0768 
27.1172 
16.5529 
21.0707 
18.8680 
22.1047 
8.9443 
29.5296 
22.6225 
28.4297 
8.3217 
15.2398 
17.0294 
13.0000 
18.3576 
15.3005 
5.0990 
14.7111 
11.4032 
7.1589 
30.5000 
20.6062 
26.7111 
62.3265 
11.9443 
21.7313 
7.2801 
16.6208 
20.5466 
11.8151 
18.8905 
24.0226 
35.2278 
29.4909 
3.0414 
15.4343 
4.0311 
1.4142 
74.3303 
33.0151 
64.7892 
4.2720 
4.2426 
61.2549 
22.2109 
22.3216 
102.6057 
13.9443 
22.5302 
22.0357 
29.2714 
21.2132 
31.7299 
16.0312 
6.0828 
48.5000 
15.6158 
16.0623 
23.2869 
27.0420 
9.7082 
4.4721 
15.4403 
18.6815 
15.0249 
63.5167 
6.3246 
4.0311 
3.6056 
26.0487 
6.7082 
23.8537 
32.0864 
8.0000 
6.2650 
12.8062 
11.4018 
12.8062 
5.0990 
33.0050 
5.0249 
5.8310 
9.3005 
19.7231 
26.9072 
34.4945 
38.2462 
36.0035 
11.4018 
12.2932 
10.0000 
7.1589 
21.5452 
32.7569 
16.5943 
14.8661 
15.2086 
3.5000 
25.4916 
13.5000 
21.8002 
23.0189 
22.7010 
19.3132 
31.0562 
36.8219 
9.5000 
32.0156 
20.0000 
17.8885 
16.1555 
39.4653 
31.0610 
26.1815 
16.5529 
19.5156 
17.3924 
5.0990 
13.0000 
25.5319 
4.4721 
15.6525 
9.0554 
11.5249 
26.5288 
9.4868 
19.3132 
22.0554 
10.3548 
56.0591 
17.0000 
12.5000 
4.1231 
26.8794 
48.1690 
14.1715 
27.1647 
7.6158 
24.5125 
23.1065 
25.4187 
11.1803 
13.4629 
80.1546 
14.9645 
15.1231 
117.5541 
27.5862 
4.7434 
20.0998 
10.3078 
62.9749 
20.3673 
28.3809 
6.0828 
48.5941 
20.5572 
9.3005 
26.3673 
17.5000 
11.5974 
28.2825 
27.4383 
7.5664 
9.2426 
13.8924 
29.5295 
12.5000 
8.8937 
30.4138 
24.5000 
23.1948 
15.1835 
38.1838 
13.4536 
9.5525 
13.3755 
12.6592 
10.9343 
11.5434 
16.1326 
20.6125 
4.6098 
17.3569 
12.1589 
41.0970 
29.9149 
14.5640 
10.3427 
19.4165 
12.1655 
27.4759 
29.1893 
26.6454 
5.6123 
57.0805 
39.9835 
30.4596 
19.8952 
31.3548 
6.0000 
30.8708 
10.4823 
30.6951 
48.8293 
27.6551 
7.0711 
11.1123 
14.1270 
21.5743 
9.8489 
7.7388 
14.0000 
10.4721 
24.1108 
24.1219 
37.7056 
27.1108 
21.3103 
9.2195 
55.0768 
25.7824 
29.1539 
5.0000 
11.8998 
28.6719 
27.0384 
45.4357 
10.5119 
25.8661 
28.1789 
35.6776 
47.5184 
12.7475 
25.3441 
17.2818 
45.6613 
12.3791 
33.0492 
17.4899 
29.8129 
40.5059 
31.0161 
28.0000 
22.0285 
13.4536 
97.8673 
70.4178 
19.0587 
132.0778 
35.9163 
11.1405 
26.4342 
12.1701 
93.2080 
25.1414 
22.2154 
42.2019 
19.4184 
14.5602 
31.0000 
126.0453 
13.6047 
61.6357 
23.5777 
18.7037 
16.6433 
12.5913 
4.0311 
12.9810 
11.3246 
21.5315 
24.7444 
16.1245 
22.2930 
69.7201 
52.1811 
12.2912 
2.9155 
11.4060 
29.3973 
28.8675 
7.5667 
13.1538 
13.0224 
24.3846 
5.8310 
8.9443 
3.6056 
28.8046 
11.7331 
8.7321 
14.3210 
25.1867 
22.3886 
25.0416 
47.9449 
27.7404 
7.6158 
17.4773 
5.3852 
16.6208 
57.0053 
25.3365 
5.3852 
40.5660 
23.0043 
25.5000 
18.8694 
14.3240 
27.0000 
6.4031 
56.4906 
11.0000 
10.5000 
21.9336 
12.8361 
10.7935 
7.0711 
15.2340 
13.8282 
20.5311 
15.0505 
5.0000 
28.1603 
2.6926 
13.0000 
23.6934 
40.8452 
26.5125 
75.9145 
71.3442 
22.0556 
23.5670 
16.0000 
9.8421 
34.0588 
12.0782 
25.0663 
53.8238 
9.8489 
5.8310 
29.6015 
8.0000 
12.9463 
54.8168 
107.5658 
26.5217 
20.7966 
48.5780 
20.2825 
25.9422 
9.8489 
19.0644 
25.6683 
16.6231 
13.0623 
29.6816 
17.0660 
19.6354 
30.5000 
29.1224 
79.8680 
136.0267 
50.5294 
40.5637 
42.7332 
16.3286 
32.5623 
46.3254 
27.1172 
24.0486 
31.0558 
11.0156 
12.4721 
61.5316 
14.2632 
11.4142 
36.5829 
11.9814 
58.2409 
3.6401 
17.1209 
13.1244 
37.5908 
17.7658 
14.0156 
6.0311 
41.8504 
19.4008 
11.1301 
10.1542 
22.2184 
45.0434 
22.7172 
8.2462 
21.2977 
24.5347 
64.6090 
30.0208 
6.0208 
27.0711 
14.8661 
12.9020 
20.0000 
4.3012 
10.2956 
11.1818 
21.3459 
21.4142 
20.0166 
15.0347 
7.7287 
14.0000 
24.8952 
73.6127 
10.8313 
14.6509 
11.4142 
14.5000 
32.0663 
25.9890 
22.5737 
21.7229 
10.4408 
29.3776 
24.5000 
39.6363 
15.0189 
11.7522 
27.8286 
37.0588 
28.8983 
18.1791 
19.5256 
16.9775 
15.9877 
35.1141 
7.8827 
65.8320 
17.1421 
19.6469 
27.8267 
6.0208 
11.0623 
20.0250 
8.0000 
28.8040 
21.8916 
9.0000 
15.0567 
22.2426 
15.0623 
17.1450 
11.0000 
15.9579 
7.7632 
6.0828 
63.1348 
13.6569 
24.2178 
5.0000 
15.6551 
6.7678 
23.3456 
9.4868 
16.1464 
18.6469 
67.4166 
17.5681 
4.4721 
33.1097 
16.0623 
66.4562 
20.0000 
110.2176 
50.9918 
26.4546 
23.1980 
29.6522 
8.5000 
12.3693 
10.6066 
25.6537 
20.0250 
38.1331 
64.0000 
18.1518 
33.5000 
9.6926 
7.8399 
40.2244 
21.7548 
5.0990 
6.5000 
13.7963 
27.8568 
42.5441 
9.2195 
25.0681 
32.6497 
21.0238 
49.2164 
13.1469 
21.6270 
14.0801 
8.2765 
33.1222 
36.8782 
14.5602 
27.2467 
12.3683 
14.4222 
26.9579 
18.7724 
45.6098 
23.1839 
62.3858 
10.2961 
61.7596 
25.4804 
9.2624 
82.3223 
21.6569 
42.4647 
25.2195 
22.2036 
38.5831 
37.7127 
19.2624 
18.3584 
16.4031 
22.7089 
76.1981 
22.0907 
17.7200 
14.2806 
30.1421 
20.8370 
12.0711 
46.1025 
10.3852 
16.4330 
16.4031 
12.1926 
78.9242 
54.9344 
9.4868 
16.2618 
16.1942 
57.9474 
20.0156 
20.4368 
16.2237 
24.0000 
25.2310 
13.4008 
28.5624 
26.2027 
45.4431 
11.6297 
62.0360 
28.2895 
18.4020 
43.5460 
8.6023 
48.3132 
24.2240 
66.0682 
11.6619 
16.5000 
17.3247 
24.2517 
25.0156 
7.0711 
10.0000 
44.4777 
9.6047 
26.0984 
25.0156 
11.4031 
40.7666 
8.0623 
22.7956 
65.3656 
21.0238 
18.8388 
8.4853 
25.0200 
37.1240 
11.7082 
15.0396 
11.0156 
27.3130 
21.5870 
11.8093 
18.0434 
18.0285 
29.1618 
5.0249 
20.2522 
5.0000 
24.1005 
19.1442 
16.9706 
11.7678 
22.2154 
33.4903 
10.2979 
22.0396 
31.5870 
29.0689 
56.1817 
60.6513 
8.0623 
47.1202 
61.6136 
29.4594 
39.8780 
65.0689 
40.0278 
10.3031 
18.3576 
19.0587 
37.3071 
25.1925 
12.4868 
25.4951 
15.3424 
25.9508 
50.8106 
45.3542 
22.8297 
30.5641 
21.1835 
3.0000 
5.0000 
52.0736 
17.5000 
17.9234 
10.9508 
41.2489 
11.7136 
47.6987 
85.6615 
7.6158 
5.6569 
14.4939 
27.1835 
8.0156 
121.1402 
29.5000 
13.5180 
35.3836 
36.7875 
13.1269 
56.3590 
8.0623 
25.8445 
28.6269 
24.5610 
5.6569 
9.6883 
20.5261 
18.4391 
23.1357 
12.5399 
13.8293 
10.1056 
4.6098 
48.4071 
62.5956 
44.1249 
14.7678 
20.6155 
18.8215 
41.9076 
8.0156 
66.0252 
35.5888 
81.0691 
99.6677 
10.7559 
61.0000 
10.0990 
6.9462 
5.3151 
27.0323 
8.7321 
21.2603 
18.1108 
3.6056 
35.0571 
36.8058 
38.7666 
19.7834 
3.8079 
