6.2650 
34.0588 
12.1701 
22.0396 
31.3548 
70.4178 
17.1450 
6.0828 
40.2244 
11.7331 
15.0567 
34.3984 
32.0864 
11.5434 
30.5641 
15.0000 
56.0591 
67.4166 
5.3151 
28.6719 
9.4868 
42.5441 
11.0000 
8.5000 
23.2869 
6.5000 
32.6497 
10.4721 
17.1421 
46.3254 
5.3852 
25.2310 
28.2825 
8.9443 
25.8661 
4.0311 
126.0453 
24.2240 
21.5743 
26.2027 
40.5059 
57.0053 
21.8002 
20.3673 
27.0420 
27.0384 
29.1893 
29.6816 
19.7231 
13.9443 
29.0689 
25.0416 
36.8098 
45.6613 
23.3456 
25.4951 
74.3303 
19.3132 
20.5261 
14.8661 
21.3459 
28.8040 
12.3693 
10.3548 
64.0000 
27.8286 
30.0208 
29.4594 
15.0347 
19.4165 
26.6454 
5.0990 
29.8129 
48.8293 
8.8937 
7.7632 
27.1108 
15.6525 
9.8489 
14.8661 
3.6056 
35.9163 
13.0000 
5.0990 
22.2426 
17.0000 
35.6776 
25.9890 
32.7569 
47.1202 
16.6208 
48.1690 
30.1421 
17.0660 
45.4431 
31.0562 
18.7037 
43.5460 
39.9835 
10.5119 
21.6569 
12.5000 
25.3441 
19.4008 
24.2178 
27.0000 
9.8489 
4.7434 
4.3012 
37.7056 
8.3217 
38.2462 
55.0768 
13.5180 
132.0778 
1.4142 
18.7724 
20.6155 
6.0208 
22.0556 
12.0711 
3.0414 
17.2818 
12.5000 
15.0396 
27.7404 
18.8905 
11.0623 
17.5000 
21.9336 
21.7229 
14.0000 
38.1838 
14.3240 
14.5640 
9.5525 
47.5184 
16.9775 
25.9508 
39.4653 
17.7658 
17.0294 
15.3424 
21.6270 
11.4018 
20.6062 
5.6123 
22.0357 
20.5466 
12.9810 
25.1414 
22.8297 
16.1464 
4.6098 
14.8661 
24.1219 
21.4142 
25.0681 
12.1926 
24.7444 
13.4008 
20.0156 
5.6569 
17.4899 
18.4020 
52.0109 
24.0226 
12.3791 
16.6208 
18.8680 
26.4197 
11.4032 
42.2019 
26.7111 
14.2806 
11.6619 
11.8998 
8.0156 
8.0623 
21.3103 
40.0278 
29.5000 
24.5610 
30.5000 
60.6513 
78.9242 
20.4368 
12.8062 
12.8361 
10.4823 
29.4909 
39.6363 
9.6926 
15.9877 
61.6136 
117.5541 
16.1942 
29.6015 
16.4031 
25.9422 
10.3852 
17.2409 
61.6357 
9.2195 
14.1270 
14.5602 
32.5623 
26.4342 
16.1326 
21.8916 
8.7321 
19.0587 
19.0587 
15.2398 
10.9343 
35.1141 
19.4184 
45.6098 
16.4031 
33.5261 
29.5296 
9.7170 
18.3584 
21.5870 
4.7170 
64.6090 
9.3005 
19.6354 
13.8924 
26.4546 
24.3846 
23.1839 
23.8537 
25.4916 
10.2961 
7.5664 
93.2080 
4.6098 
12.3683 
27.6551 
5.0249 
33.4903 
5.0000 
25.1867 
13.1244 
7.2111 
11.1803 
13.0224 
14.9832 
13.1538 
29.1618 
26.9072 
65.0689 
96.5563 
19.0644 
19.6469 
57.8139 
10.7935 
55.4734 
56.1817 
42.3199 
11.1123 
27.8568 
18.8388 
9.0554 
16.9706 
20.6125 
20.0166 
29.1539 
14.7111 
9.6047 
102.6057 
30.4596 
13.6047 
10.0000 
15.3005 
41.8504 
22.0285 
27.4759 
22.7089 
9.2426 
21.2603 
20.7966 
25.6537 
12.5913 
63.1348 
10.1022 
14.0801 
22.7956 
20.5572 
50.9918 
56.4906 
38.7284 
10.9508 
14.3210 
16.0312 
24.1005 
21.2132 
19.8952 
25.8445 
14.2632 
16.6231 
11.4031 
32.1184 
24.1108 
13.3755 
110.2176 
8.2765 
6.7082 
97.8673 
28.5624 
12.9463 
32.0156 
24.5347 
16.1555 
45.4357 
10.3078 
5.8310 
30.8708 
16.3286 
32.6956 
26.0487 
45.0434 
20.0000 
12.4868 
17.5681 
5.0000 
13.4536 
12.9020 
12.2932 
28.1789 
28.2843 
30.5000 
13.4536 
9.0000 
22.5302 
25.5000 
7.5667 
19.5256 
11.7082 
26.8794 
8.0623 
15.0623 
23.0189 
3.0000 
22.6225 
33.1097 
17.3247 
31.7299 
34.2381 
16.6433 
37.0588 
11.8093 
20.0250 
15.2340 
20.2522 
25.0200 
29.3973 
65.8320 
14.6509 
31.5870 
22.3886 
37.3071 
7.2801 
34.4945 
7.6158 
47.6987 
12.6592 
27.1835 
56.3590 
36.5829 
26.5217 
10.5000 
22.2154 
8.0623 
24.5000 
136.0267 
54.8168 
24.5125 
4.2720 
24.5000 
50.5294 
12.2912 
3.6401 
62.5956 
29.3776 
13.4629 
28.3809 
25.7824 
6.0311 
12.1655 
18.6815 
126.8027 
10.4408 
13.1269 
25.3365 
3.6056 
22.2154 
30.4138 
16.0000 
80.1546 
14.5000 
16.5943 
14.1715 
31.0610 
22.0554 
48.5000 
21.7548 
6.0828 
35.3836 
17.4773 
10.1542 
44.1249 
22.2184 
27.0323 
42.7332 
25.5319 
22.5737 
20.8370 
61.0000 
23.0043 
12.5399 
7.8827 
37.5908 
11.5974 
6.0208 
48.4071 
10.0990 
26.1815 
27.2467 
19.3631 
17.1209 
25.2195 
10.7559 
15.1835 
14.4222 
9.8421 
29.1224 
81.0691 
11.4018 
15.4403 
12.0782 
38.1331 
99.6677 
15.2086 
27.0711 
18.0434 
13.0000 
4.2426 
27.5862 
33.5000 
40.5660 
18.1518 
22.3216 
5.0000 
66.0252 
35.0571 
35.5888 
63.5167 
28.8983 
22.2109 
11.5249 
21.1835 
18.8215 
16.5000 
33.0151 
27.1172 
26.3673 
40.7666 
22.1172 
26.9539 
65.3656 
17.3924 
57.9474 
28.5063 
29.1224 
20.2825 
7.0711 
23.1357 
62.9749 
23.1065 
21.2977 
27.3130 
29.5295 
10.0000 
8.7321 
12.8062 
16.2237 
19.7834 
26.9579 
7.6158 
23.6934 
26.5125 
20.5311 
7.6158 
11.7136 
19.3132 
9.2195 
28.1603 
36.7875 
14.0156 
11.8151 
22.2930 
7.7388 
14.4939 
5.3852 
29.6522 
11.3246 
21.5315 
18.6469 
52.0736 
6.9462 
41.2489 
11.1405 
15.9579 
36.8782 
6.7678 
3.8079 
19.5156 
11.1301 
23.5777 
21.7313 
12.1589 
2.6926 
6.3246 
64.7892 
5.0990 
3.6056 
13.8293 
121.1402 
10.2956 
17.9234 
26.0768 
17.8885 
61.2549 
16.5529 
8.0156 
33.0492 
26.5288 
7.0711 
13.1469 
18.0285 
5.0000 
25.0156 
50.8106 
28.4297 
10.3427 
18.3576 
28.8046 
20.0998 
10.1056 
5.6569 
28.2895 
9.6883 
7.1589 
49.2164 
41.0970 
6.4031 
5.0990 
16.4330 
47.9449 
20.0250 
66.4562 
27.1172 
85.6615 
11.4142 
14.9645 
6.0000 
19.2624 
11.1818 
4.0311 
18.1791 
28.6269 
11.0156 
25.0156 
35.2278 
31.0161 
9.2624 
11.7678 
29.9149 
57.0805 
14.7678 
6.0828 
11.0156 
48.5780 
15.0189 
26.0984 
9.4868 
31.0558 
24.0000 
40.8452 
11.7522 
25.1925 
25.6683 
5.8310 
10.3031 
4.4721 
38.7666 
18.8694 
7.7720 
53.8238 
21.0238 
27.4383 
36.0035 
75.9145 
21.0238 
22.2036 
36.8058 
13.7963 
23.5670 
13.0000 
8.0000 
15.0505 
14.0000 
13.0623 
21.5452 
20.0000 
61.5316 
36.2740 
28.0000 
11.4142 
23.1980 
11.9814 
40.5637 
25.0663 
9.3005 
7.7287 
9.8489 
21.0707 
8.2462 
24.8952 
18.3576 
73.6127 
7.1589 
10.6066 
16.1245 
42.4647 
20.0000 
16.5529 
11.9443 
12.4721 
4.4721 
28.8675 
18.4391 
12.6590 
22.7172 
17.4642 
7.0711 
19.1442 
15.4343 
8.0000 
15.6551 
17.7200 
4.1231 
79.8680 
9.7082 
9.4868 
36.8219 
15.0249 
14.5602 
8.6023 
8.9443 
15.6158 
16.0623 
16.0623 
5.0000 
13.6569 
17.5000 
10.2979 
11.4060 
33.0050 
76.1981 
5.0249 
24.2517 
8.4853 
2.9155 
18.1108 
22.5000 
4.4721 
30.5000 
22.1047 
24.0486 
13.5000 
8.0000 
52.1811 
3.5000 
9.5000 
69.7201 
7.8399 
10.8313 
22.0907 
11.6297 
22.7010 
37.7127 
62.3265 
38.5831 
44.4777 
107.5658 
27.1647 
16.2618 
29.2714 
48.3132 
5.8310 
37.1240 
8.0000 
25.4187 
41.9076 
4.0311 
15.1231 
71.3442 
61.7596 
33.1222 
54.9344 
30.6951 
31.0000 
12.7475 
58.2409 
66.0682 
82.3223 
13.8282 
48.5941 
27.8267 
45.3542 
11.0000 
23.1948 
32.0663 
46.1025 
39.8780 
17.3569 
25.4804 
62.3858 
62.0360 
