0.800 
0.950 
1.250 
1.250 
1.550 
1.250 
1.650 
0.900 
1.750 
1.400 
0.650 
0.750 
1.300 
1.300 
0.950 
1.850 
1.150 
0.800 
1.450 
1.600 
1.300 
1.650 
1.300 
0.850 
1.800 
1.300 
1.250 
1.050 
2.250 
1.150 
2.000 
1.250 
1.400 
1.800 
1.150 
1.650 
0.550 
1.700 
2.000 
1.500 
1.350 
0.950 
1.950 
0.900 
0.800 
0.750 
0.750 
1.300 
1.950 
1.100 
1.450 
1.300 
0.850 
1.150 
1.700 
1.050 
1.000 
0.750 
1.350 
1.150 
1.700 
0.550 
1.200 
1.000 
1.000 
1.500 
0.850 
1.900 
0.700 
1.000 
1.200 
1.500 
0.900 
0.950 
1.550 
1.250 
1.600 
1.150 
1.500 
1.400 
1.750 
1.000 
0.900 
1.700 
0.450 
0.800 
0.700 
1.400 
0.600 
0.900 
0.900 
1.300 
1.150 
1.300 
1.100 
1.350 
1.000 
1.000 
0.750 
1.650 
2.300 
1.650 
1.100 
1.000 
0.950 
1.000 
0.950 
0.800 
1.350 
0.700 
0.650 
0.450 
0.700 
1.000 
1.400 
1.300 
1.550 
0.550 
1.550 
1.000 
1.300 
0.750 
1.500 
0.300 
0.950 
1.950 
1.150 
1.200 
1.400 
1.450 
1.450 
1.300 
0.750 
1.750 
2.100 
0.750 
0.700 
1.300 
1.400 
0.650 
0.850 
1.550 
1.900 
1.400 
0.900 
1.150 
0.700 
0.800 
0.650 
1.150 
0.950 
1.550 
1.350 
0.550 
2.250 
1.250 
1.000 
0.400 
1.750 
0.750 
1.100 
1.000 
1.650 
1.650 
1.300 
0.700 
1.850 
1.800 
0.600 
1.200 
1.050 
1.250 
0.800 
1.000 
1.250 
1.650 
1.000 
0.550 
0.500 
1.600 
2.600 
2.100 
0.950 
0.750 
1.200 
0.900 
1.250 
0.950 
1.150 
0.850 
1.100 
1.700 
1.300 
0.950 
1.500 
0.800 
1.300 
1.250 
1.550 
1.800 
0.350 
1.900 
1.000 
1.650 
1.650 
1.700 
1.650 
1.750 
1.300 
1.400 
1.500 
1.000 
1.550 
1.600 
1.400 
1.100 
1.150 
2.150 
1.800 
0.900 
0.600 
1.500 
0.700 
2.050 
2.400 
1.400 
1.900 
1.850 
0.950 
0.500 
1.350 
1.800 
1.150 
1.200 
0.450 
2.250 
1.550 
1.300 
1.650 
1.000 
1.050 
1.100 
1.000 
1.250 
1.150 
1.200 
1.300 
1.400 
1.100 
1.150 
1.400 
0.950 
1.600 
1.050 
1.000 
0.650 
0.800 
1.400 
0.450 
1.800 
0.350 
0.950 
1.100 
2.000 
0.950 
0.850 
1.400 
1.900 
1.250 
1.900 
1.250 
1.550 
1.000 
1.150 
1.550 
1.000 
2.050 
1.650 
0.950 
0.700 
1.600 
1.650 
1.500 
1.400 
1.850 
1.750 
2.050 
1.750 
1.000 
1.150 
1.500 
1.500 
1.650 
1.050 
0.850 
1.900 
1.400 
1.750 
1.500 
1.300 
1.400 
2.100 
1.250 
0.800 
1.850 
0.400 
0.500 
2.000 
1.300 
1.300 
1.400 
0.300 
1.150 
1.250 
0.800 
0.950 
0.950 
1.300 
0.700 
1.200 
1.450 
0.150 
2.000 
1.550 
1.900 
2.200 
1.000 
1.150 
1.000 
0.250 
1.550 
2.000 
1.550 
2.500 
2.150 
0.600 
1.650 
1.050 
1.250 
1.750 
1.850 
1.500 
1.100 
1.400 
0.500 
0.900 
0.900 
1.250 
0.800 
0.950 
0.800 
1.050 
1.000 
0.850 
0.850 
0.850 
0.950 
0.650 
2.100 
1.000 
1.400 
1.600 
1.800 
1.900 
1.650 
0.950 
1.300 
1.100 
1.500 
1.700 
2.100 
1.550 
0.700 
0.400 
1.100 
2.500 
0.950 
0.950 
0.900 
0.850 
1.000 
0.950 
1.750 
1.250 
1.050 
1.000 
1.250 
0.750 
0.800 
0.950 
1.000 
0.900 
1.150 
1.000 
1.000 
1.300 
1.150 
1.400 
0.750 
1.350 
0.800 
1.650 
1.200 
0.650 
0.950 
0.750 
1.100 
1.150 
0.700 
0.950 
1.000 
1.150 
1.350 
1.250 
0.350 
0.800 
1.550 
1.200 
0.850 
2.250 
1.150 
1.100 
1.250 
1.250 
1.550 
0.750 
1.350 
1.200 
1.400 
1.050 
1.550 
0.700 
1.650 
0.950 
0.550 
0.550 
1.150 
0.800 
2.500 
1.250 
1.500 
1.450 
0.800 
1.350 
1.900 
0.900 
1.850 
1.000 
0.800 
1.650 
0.950 
1.300 
1.250 
1.250 
1.550 
1.500 
1.300 
1.000 
1.350 
0.850 
0.800 
1.400 
0.850 
1.150 
2.200 
2.050 
1.500 
0.750 
1.200 
1.450 
1.250 
1.150 
1.300 
1.850 
0.800 
1.750 
0.800 
0.850 
2.100 
0.700 
1.900 
1.650 
1.300 
0.700 
1.500 
1.700 
0.950 
1.750 
1.650 
1.600 
0.950 
1.250 
1.900 
1.050 
0.500 
1.550 
1.750 
0.650 
2.000 
0.900 
1.750 
1.850 
0.750 
0.950 
0.600 
1.200 
1.500 
0.600 
1.550 
0.950 
0.500 
0.750 
1.650 
0.700 
1.800 
1.850 
1.450 
0.550 
1.200 
1.150 
0.950 
1.900 
0.900 
1.900 
1.700 
0.750 
0.950 
1.950 
2.250 
1.950 
2.000 
1.250 
1.350 
2.250 
2.100 
1.150 
0.800 
2.000 
2.400 
1.750 
1.100 
1.900 
0.700 
1.650 
1.250 
0.500 
1.900 
1.100 
2.250 
1.550 
1.950 
0.650 
1.800 
1.350 
1.100 
1.800 
1.150 
0.950 
1.300 
1.350 
0.850 
0.800 
1.150 
1.600 
1.700 
2.600 
0.900 
1.650 
2.000 
1.900 
0.450 
1.500 
0.950 
0.600 
1.300 
1.400 
1.100 
0.750 
0.850 
1.800 
1.800 
1.400 
0.650 
1.500 
1.150 
1.900 
1.600 
0.950 
1.100 
1.600 
1.550 
0.750 
1.300 
1.500 
1.000 
0.750 
0.750 
0.900 
1.650 
1.100 
1.250 
1.300 
1.050 
1.250 
1.050 
1.400 
1.500 
1.900 
1.500 
1.500 
1.150 
1.750 
1.350 
0.900 
1.200 
0.800 
0.600 
1.450 
1.600 
2.050 
1.200 
1.900 
1.150 
1.250 
0.350 
1.250 
1.650 
1.500 
1.500 
0.700 
1.950 
0.900 
1.250 
1.550 
1.050 
0.750 
1.900 
0.900 
1.350 
1.700 
1.400 
1.650 
1.350 
0.650 
1.150 
0.650 
1.800 
0.750 
1.300 
1.250 
0.750 
2.100 
1.650 
1.650 
1.300 
0.800 
1.650 
1.150 
0.400 
1.000 
2.000 
1.900 
0.700 
1.850 
1.400 
0.800 
0.800 
0.500 
0.950 
1.500 
0.400 
2.550 
1.400 
1.450 
0.950 
1.100 
0.600 
1.950 
0.650 
0.250 
0.700 
1.000 
1.250 
0.650 
2.150 
1.350 
1.300 
0.450 
2.000 
1.400 
0.900 
1.250 
0.550 
1.250 
0.900 
1.500 
1.850 
1.300 
0.750 
1.150 
1.700 
1.150 
1.150 
0.700 
0.900 
0.300 
1.350 
0.550 
1.350 
1.300 
0.600 
0.750 
0.750 
1.250 
1.350 
1.850 
1.750 
0.650 
0.700 
1.350 
1.450 
0.700 
1.650 
1.400 
1.800 
1.150 
1.300 
1.400 
1.400 
1.300 
1.650 
1.650 
